#Modity2016-12-24 22:12:33
#Sat Dec 24 22:12:33 CST 2016
zx=0.0
xtweight=0.3
fx=0.0
dwweight=0.0
hpweight=0.3
