#Modity2016-12-24 22:12:12
#Sat Dec 24 22:12:12 CST 2016
zx=0.0
xtweight=0.1
fx=0.0
dwweight=0.2
hpweight=0.3
