#Modity2016-12-24 22:10:44
#Sat Dec 24 22:10:44 CST 2016
zx=0.0
xtweight=0.4
fx=0.0
dwweight=0.0
hpweight=0.3
