#Modity2016-12-24 21:21:02
#Sat Dec 24 21:21:02 CST 2016
zx=0.7
xtweight=0.0
fx=0.3
dwweight=0.0
hpweight=0.0
